nep4_zbl 3 Li O Co 
zbl 1.25 2.5 0.7
cutoff 5 5 96 96
n_max 4 4
basis_size 8 8
l_max 4 2 0
ANN 30 0
 -2.0240754e-01
  6.2272977e-03
 -1.2060674e+00
  5.5999211e-03
 -9.2635378e-03
 -1.1252481e-02
 -1.3708994e-03
  2.9952373e-04
  6.6198766e-02
 -2.2108850e-01
  6.3607595e-03
  2.8994931e-03
  1.2352714e-01
  3.8734772e-03
 -8.9294491e-03
  8.2871187e-01
  6.0387264e-04
 -1.0180756e-03
  1.2159753e-01
  5.7475090e-01
  4.8874465e-01
  1.5191541e-02
 -1.0025462e-04
 -3.5871109e-01
  5.9382141e-01
  7.5666001e-03
  1.0252525e-03
  2.8187309e-03
  4.0853745e-03
  2.5719721e-04
 -2.4028494e+00
 -3.7655097e-03
  4.1307802e+00
  1.0634552e+00
 -9.6451854e-03
  6.5371954e-01
 -2.6760648e-03
  4.3666780e-01
  7.1943015e-01
  1.4955388e+00
 -7.8832008e-02
 -1.1240386e-03
 -2.7785519e-01
  9.6531534e-01
  7.9280071e-02
 -9.9870704e-02
  4.6826811e-03
 -5.0869447e-01
 -2.3574312e-01
 -2.6773104e-01
  5.1821584e-01
  1.1244020e-03
 -9.5771211e-01
  9.4573253e-01
  1.7685692e-01
 -2.5734904e-03
  3.6467349e-03
  4.6580203e-04
  2.4405081e-02
 -2.7488759e-02
 -2.0994830e-01
 -5.1824902e-03
  2.3964478e-01
  1.6251615e-01
 -1.4523976e-03
  1.2864626e-02
  5.2593701e-04
  2.8494486e-04
 -2.7214697e-01
  4.4383770e-03
  1.5815848e-03
 -9.7721454e-04
 -3.5972898e-03
  7.2215933e-01
 -6.4446341e-04
 -4.9131508e-03
  1.8515678e-03
 -6.4811629e-04
  5.0533450e-01
  3.0174583e-02
 -1.3223228e-01
  8.9057686e-04
  2.4425773e-01
  4.6557207e-02
  6.3341957e-01
 -6.5822299e-03
 -6.8685436e-03
  2.7757406e-02
 -4.1704839e-03
 -3.6634814e-02
  2.4825275e-02
  7.5684680e-04
  4.8677760e-01
 -8.4725994e-04
  1.4224726e-04
 -1.5785730e-03
  2.5254290e-03
 -2.6520286e-03
 -1.6253622e-02
 -2.1991981e-03
  3.4919564e-02
 -2.6119321e-03
  1.2839758e-01
 -8.4739752e-02
 -6.5716375e-03
  1.7453177e-02
  2.4026944e-03
 -6.7810966e-03
 -8.0950428e-03
 -6.9488525e-02
 -7.6522923e-01
 -9.0659462e-04
 -2.1309340e-01
  8.2448244e-02
 -4.6280291e-02
 -2.0640900e-03
  1.3609776e-02
 -5.5632093e-03
 -3.3029279e-04
 -1.2636193e-03
  1.5601500e+00
  9.3282117e-03
 -4.1700292e-01
 -6.1047357e-02
  2.1400759e-03
  3.3727537e-03
  2.0198195e-04
 -6.3736998e-02
  6.5047824e-01
 -4.4374256e-03
  8.7152272e-01
 -5.9621339e-04
  5.9377527e-01
  3.1947619e-01
 -3.2969210e-01
 -7.8263814e-03
  2.2875487e-03
 -4.4511580e-01
  1.6394010e-02
 -1.2318452e-02
 -1.4653919e+00
 -3.2138824e-04
  2.1913940e-02
  7.3255324e-01
  2.3459196e-01
 -4.3589718e-04
 -1.5850414e-03
 -4.1803718e-03
  1.8784676e-01
 -7.1583269e-04
  2.1926933e-03
  1.5743586e-03
 -5.0308123e-02
 -1.8903909e-03
 -6.3702916e-03
 -1.8174241e-03
 -2.0346816e-03
 -4.1585932e-03
 -1.2401554e-03
 -1.2962567e-03
 -8.0164038e-03
  6.3809093e-05
  2.7964897e-03
  9.2281291e-04
  1.6896684e-03
 -3.9473539e-03
  4.1972902e-03
  2.9438541e-03
  8.0183899e-04
 -5.9578782e-03
  1.2565337e-01
 -4.1267192e-03
  4.5108560e-02
  3.2189811e-04
  1.1763687e-01
 -6.2476671e-03
 -1.4567056e-03
  1.2846815e-03
 -4.0784231e-03
 -1.0199008e-03
 -2.2412761e-01
  7.7373319e-05
  8.9032811e-01
  4.1957024e-02
 -4.1355081e-03
  7.7579871e-02
  7.8282825e-04
  1.0959489e-02
  6.3438870e-02
 -3.0763624e-02
  1.4000725e-03
  3.6004311e-03
 -1.2949074e-02
 -1.6703306e-03
  6.4800784e-02
  5.4025955e-02
  5.4060854e-04
  3.9946977e-02
  1.3056495e-03
  1.7272335e-03
 -6.9035649e-01
 -5.1983269e-03
 -3.8133875e-02
 -1.3719573e-02
  3.1816640e-01
  4.1237558e-04
  7.9481248e-03
  3.4021852e-03
 -1.1187070e-01
 -1.6254261e-02
  3.8057333e-03
 -2.3298850e-03
  1.0893965e-04
  3.5242634e-03
  2.9117013e-03
 -7.9521612e-04
 -2.3606976e-02
  2.9231622e-04
 -1.6710156e-03
  1.1105939e-03
 -1.8424790e-02
 -7.1356866e-05
 -6.5231812e-04
 -1.5101349e-04
  2.9492751e-03
  9.0409542e-04
  3.1652842e-03
 -1.7128321e-03
 -2.1470494e-03
 -6.5638833e-03
  2.2498108e-02
  5.0116575e-01
  5.1123684e-04
 -9.9518802e-04
 -1.9634524e-03
  2.4008761e-04
  4.9360632e-03
  6.4522028e-03
 -3.6433688e-03
 -7.3983392e-04
  6.1634467e-03
  3.3940279e-04
  3.3395743e-01
  1.0243540e-03
  7.5109320e-04
  4.5171060e-04
 -2.9121495e-03
  3.8697338e-04
  2.3624909e-03
  1.5247652e-03
 -2.5871194e-03
 -6.0070911e-04
  9.5985725e-04
 -4.3770822e-04
  3.9744526e-04
  4.2881612e-03
  6.9687925e-03
  3.4277018e-02
  1.7736923e-03
 -7.1347744e-04
 -3.7367892e-02
 -7.6840478e-03
 -4.5223171e-03
 -9.2445925e-04
 -1.8175082e-02
 -2.2194045e-05
  1.9681696e-03
 -3.5024199e-03
  2.0537011e-03
 -4.1948774e-04
 -3.2443780e-01
  1.3286435e-03
  4.8412874e-02
 -2.7146715e-01
  1.1381662e-03
 -1.2210638e-03
  4.7293602e-04
  7.9705447e-02
 -1.5362882e-03
 -3.7782069e-04
  5.3836295e-04
  6.9537065e-03
 -1.6228238e-03
  9.1939223e-01
  8.5380256e-01
 -1.3630990e-02
  8.3815522e-04
  1.7272268e-03
 -1.5895392e-01
 -1.4123456e-02
 -6.7456138e-01
 -4.8237434e-03
 -1.5134559e-03
  6.5053278e-01
 -3.1905276e-01
 -2.2875783e-03
 -9.3380623e-03
 -2.3146246e-03
 -2.1607308e-02
  2.5162452e-03
 -1.1621240e-04
 -7.9841083e-03
 -9.2952520e-01
  1.0175960e+00
 -3.4621528e-03
  3.7437519e-01
  2.0812162e-04
  9.0500945e-01
 -2.1550021e-01
  4.8218918e-01
  6.0494840e-01
 -2.9497684e-04
  8.8494392e-03
 -6.2850773e-01
  1.1542979e+00
  4.0845599e-02
  2.8640756e-03
  9.8785150e-01
  3.6169749e-02
 -5.1026620e-02
 -5.1818711e-01
  4.9120933e-04
  6.3435304e-01
  1.7178997e-01
  2.6415753e-01
 -5.5505300e-01
 -1.8999209e-04
  2.1169265e-03
  4.4274253e-01
 -5.5481959e-02
  6.5336859e-01
 -1.5674076e-03
 -2.4755609e+00
 -1.2331961e+00
 -5.1741907e-03
  9.1876107e-01
  2.5078251e-03
  4.7552785e-01
  2.1417782e+00
  1.3942039e+00
 -4.3939546e-01
 -4.3922071e-03
  3.7495992e-01
  6.4103350e-02
  5.3329581e-01
 -1.0827795e+00
 -1.0435674e-03
 -2.0075545e-02
  3.4344468e-02
  3.6527851e-01
  2.4947936e-02
 -3.8128076e-03
 -5.2481431e-01
  6.5127295e-01
 -8.4522516e-01
 -3.8738120e-01
 -5.9601080e-06
  7.5495895e-04
  7.4788049e-02
 -2.2549224e-01
  6.0925800e-02
  1.8159207e-03
  2.0048451e-01
 -4.7786662e-04
 -1.2488689e-03
  1.1432578e-01
 -1.6225341e-03
  6.5068886e-02
  1.0838538e-02
  4.4279523e-02
 -2.0330478e-01
 -4.7608145e-04
 -8.7559149e-03
 -6.3366115e-02
 -1.1630425e-01
 -8.2900800e-02
  7.7640684e-03
  9.5346320e-04
  8.3109371e-02
 -7.1330057e-03
 -1.0351931e-01
 -2.9097670e-05
  3.6417391e-02
 -8.5574603e-03
 -8.5411139e-02
 -1.2846549e-02
 -9.1693903e-05
  5.7303733e-03
 -1.7763026e-02
 -9.1692815e-03
 -9.6508048e-02
 -1.3193846e-03
  6.2430948e-01
  8.9523019e-03
 -1.6475944e-03
  2.4034155e-03
 -6.1253654e-03
  3.0063890e-02
  3.4991235e-02
  1.8331263e-02
 -2.0727725e-03
 -2.2611169e-03
  7.3271208e-03
 -3.8035272e-05
 -3.4480172e-04
 -6.6671136e-04
 -7.3772442e-04
  4.6888713e-02
  2.7341479e-03
 -1.4503386e-03
 -3.8830897e-01
 -2.7445932e-03
 -6.0122551e-05
 -3.5532590e-02
  5.2317358e-03
 -4.5223017e-03
 -4.3664603e-03
 -8.2413154e-04
 -3.0829547e-02
 -8.1136497e-04
  1.9308655e-02
  1.2943709e-03
  1.7659110e-01
  7.2526433e-02
 -4.0449202e-03
  4.3795942e-03
  1.5758799e-04
  3.7576433e-03
 -2.7561258e-03
  1.0607966e-02
 -2.3831730e-01
 -5.7729245e-03
 -9.3621144e-04
  1.1329398e-02
 -3.4720695e-03
 -2.3649670e-03
  1.2978452e-04
 -9.5834732e-03
  6.8704770e-03
 -5.8647666e-02
  4.1716207e-02
 -1.7210329e-04
  1.4250059e-01
 -1.7106397e-02
  1.0727554e-01
  1.0374402e-04
  5.3130984e-03
  2.3684138e-03
 -8.8395834e-01
 -1.9485871e-03
 -3.3819457e-03
 -5.0447560e-03
 -2.1430228e-03
 -1.8960172e-03
  6.7696517e-04
  3.1119026e-03
 -6.1036658e-04
  4.5432262e-03
  7.6067838e-04
  1.9722080e-03
 -3.5847945e-03
  1.6691226e-03
 -7.4771827e-04
  1.4221971e-03
 -7.1974483e-04
  5.9777795e-04
  2.0306825e-03
  1.7158411e-03
  1.4114681e-04
  8.4172428e-04
  2.6694035e-02
  3.7178909e-03
  1.3956347e-02
 -4.3596900e-03
  2.1904865e-02
 -1.0940095e-02
  1.3994530e-03
 -2.9554686e-03
 -3.9074351e-03
  2.0130747e-03
 -8.8143297e-02
 -1.3288032e-03
 -4.9690172e-01
 -5.7831470e-02
  3.3671574e-03
 -4.0348200e-03
  2.7827182e-04
  5.7419784e-02
  4.4443414e-02
  8.7383948e-03
 -2.0146191e-02
 -8.6282194e-04
 -1.9509214e-03
  2.3662764e-01
  8.8372035e-04
 -2.3277968e-02
  1.9932134e-04
  8.3760113e-02
  2.1785675e-03
 -6.6903897e-02
 -1.9454661e-01
  5.4209138e-04
  1.0381995e-01
 -9.4713224e-04
 -8.6117331e-03
 -1.2519783e-03
  2.4965144e-04
  9.8615028e-03
 -4.6983297e-04
  4.5779026e-03
 -2.7331349e-01
  2.3325786e-03
  7.8920043e-01
 -6.0161209e-01
  2.4684132e-03
 -8.4320776e-04
  4.4239257e-03
 -3.0286497e-01
  1.2592362e-01
 -7.6750822e-02
  2.4867645e-01
 -1.4500293e-03
  1.8796101e-01
  2.7802492e-02
  2.6219448e-01
  7.7117091e-01
  1.3529990e-03
 -3.9051071e-01
 -1.1535897e-01
 -5.5662137e-01
  1.8744614e+00
 -3.3958631e-03
 -2.2878273e+00
  1.2814814e-01
 -1.2063628e+00
  1.6168719e-02
  1.8408149e-02
 -1.7615612e-01
  1.5164392e-01
  1.8192405e-01
  3.6935245e-03
  7.7057409e-04
  4.9498770e-02
  5.9039495e-04
 -3.9642793e-05
 -1.8800800e-03
  6.7090499e-04
  1.4863115e-04
  5.4285402e-04
 -1.2216461e-02
  2.4804233e-01
 -3.9643170e-03
 -7.1504451e-06
 -5.1049991e-03
  1.8603513e-03
 -2.4186363e-04
 -6.1670359e-04
  1.8565089e-04
  9.5778558e-04
  9.3392615e-04
 -1.3378838e-02
 -1.1301669e-02
  2.5004842e+00
 -1.5648671e-03
 -3.2947463e-04
  2.4747101e-04
  7.3774545e-03
 -3.0534894e-03
 -1.3070485e-03
  2.7442046e-03
  3.6355693e-04
  1.5696189e-03
  1.4980996e-01
  5.5240791e-05
  1.1308965e-03
  2.6691619e-02
  1.4809372e-03
 -5.8773486e-03
  8.1790844e-03
 -7.4648256e-03
  5.8122657e-02
 -3.4091100e-03
 -3.9819032e-03
 -7.3530143e-03
  4.2624454e-04
  2.3506738e-03
 -5.4015336e-03
 -7.5741019e-04
 -2.6286284e-03
  6.6116377e-04
 -1.1946129e-01
  5.3220009e-03
 -6.3765958e-02
 -1.7269660e-04
 -7.3300861e-03
 -2.9304284e-03
 -9.2470885e-04
  1.8710843e-03
 -2.3733990e-03
 -2.9208993e-03
 -5.8761036e-01
  3.7515635e-04
 -6.8297952e-02
  1.2114089e-01
  2.9352596e-03
  1.0957855e-02
  3.3152253e-05
  1.2554717e-03
  6.7913197e-03
  8.4641157e-03
  8.1673888e-03
 -2.2424718e-03
 -1.1805268e-03
 -7.1296087e-03
  6.5450974e-02
  9.4122684e-01
 -2.3560335e-03
  1.6252676e-01
 -2.9826282e-02
 -1.8433616e-02
 -6.2561572e-01
 -2.6839087e-03
  6.0346954e-02
 -2.8444198e-01
  1.4910286e-02
 -2.8416613e-04
 -1.1087315e-03
  1.0713022e-02
 -2.3206652e-03
 -7.4674888e-04
 -5.3650355e-01
 -1.2672785e-03
  1.1953021e+00
 -9.0053266e-01
 -8.0556114e-05
  8.4664315e-02
  9.7156025e-04
  3.2391074e-01
 -3.2436809e-01
 -1.0364198e-02
  1.2054022e-03
  2.4391366e-04
  1.0172814e+00
 -4.4465266e-02
  2.6014030e-01
 -1.0844839e+00
 -7.3598552e-04
  3.2091287e-01
  3.0302003e-01
  1.5087937e+00
 -1.7803936e-01
 -2.2115316e-03
 -2.7190298e-01
  5.2259851e-01
 -5.1402313e-01
  3.1440237e-03
  9.4921616e-06
  5.4206251e-04
  7.7906176e-03
 -2.3737911e-02
 -1.3231670e-03
  6.7235646e-04
 -1.8726698e-01
 -1.1926461e-03
 -1.2698111e-03
  2.2527864e-04
  2.0159262e-03
  1.3490490e-03
 -7.3525356e-04
  1.0714005e-03
 -5.4762755e-03
 -1.3542995e-04
 -1.4136902e-03
 -1.0501875e-02
  2.1421092e-03
 -3.4753906e-03
  3.8085494e-03
  1.2785906e-03
  3.4974562e-03
 -2.8422052e-02
 -3.1398527e-02
  4.0866534e-04
  4.0877331e-03
 -1.3875111e-03
  8.7768412e-01
  2.7788603e-03
 -6.5788910e-05
  1.1209182e-03
  1.9746593e-03
 -2.5801775e-03
  9.1658643e-04
  7.7159301e-04
 -1.1913029e-03
 -3.4381002e-03
  1.7966999e-03
 -2.3467042e-03
  1.0649547e-03
  2.2624899e-03
  5.4179514e-03
  1.1788476e-03
  1.3685561e-03
  2.3955735e-03
  3.4882156e-03
 -1.3411744e-01
 -1.2407464e-02
 -1.4541086e-03
  2.5110706e-03
  8.1231975e-04
 -7.1918929e-04
  2.8251291e-03
  1.1601879e-04
  2.0240899e-03
  9.1487245e-04
  4.7370294e-04
  2.8189947e-03
  1.2328380e-02
  4.9002172e-04
  1.4153242e-04
  1.3348701e-03
 -3.5697948e-03
 -1.7840738e+00
  6.0742488e-04
  1.5404000e+00
  1.5646037e-01
 -2.5119886e-03
  2.1539575e-03
 -4.5756469e-03
  9.8087953e-04
  3.2505498e-03
 -1.8465256e-03
 -1.2534946e-01
 -1.0099128e-03
 -7.1119495e-02
  1.6515084e-02
 -1.5641269e-01
 -2.0936723e-01
 -4.6655377e-03
 -4.9745827e-03
  4.5894083e-02
 -8.0073118e-02
  5.4572088e-01
 -1.9125210e-03
  1.8432895e-02
  6.6701942e-03
 -4.9697390e-01
  1.6561080e-03
 -3.2391337e-05
  1.8004208e-03
 -4.8181474e-01
 -1.7840756e-03
  8.8846147e-02
 -6.3547329e-04
 -4.5687884e-01
  3.7085388e-02
  5.2592688e-04
 -3.8064399e-01
  1.9184212e-03
 -3.4968722e-01
  5.7374638e-01
 -4.0439391e-01
 -5.3002115e-02
  1.4871601e-02
 -2.7572659e-01
 -1.2599508e-01
  1.0479545e-01
  4.5743507e-01
 -4.1500190e-03
 -3.0144519e-01
  3.1778339e-01
  1.0448956e-02
 -5.8168036e-01
  2.1984922e-03
 -9.9203060e-04
  3.1874124e-03
 -1.0565027e+00
 -9.1138482e-03
  1.9508377e-03
 -3.4150318e-03
  4.5726668e-02
  6.8990228e-04
  1.3120373e-01
  1.5530551e-03
  3.7185982e-02
 -2.5940282e-02
  2.2357362e-03
 -3.2902742e-03
  7.8866666e-04
 -1.8652414e-03
 -2.3102346e-03
 -1.7182946e-03
  2.4267451e-01
 -1.2177897e-03
  1.2108844e-01
  4.8832115e-02
 -2.3974925e-04
 -4.5057136e-04
 -1.6408935e-03
 -3.3782471e-02
 -1.1536910e-01
  2.4793260e-03
 -9.4806850e-02
 -1.5890122e-03
 -1.9353499e-01
  4.5903865e-02
 -3.0007761e-02
  2.4176787e-03
  2.8405588e-03
 -2.7816251e-03
 -6.4929679e-02
  3.0051696e-03
  1.0468104e-03
 -1.7094778e-04
 -4.3269906e-02
 -5.1319326e-04
 -1.9749596e-03
 -7.0349831e-04
  5.5545295e-04
  1.7335746e-03
  5.1219878e-04
  1.9589115e-03
  2.6885839e-04
  9.1736251e-03
 -9.5090276e-04
  3.4674790e-02
 -3.4126109e-03
 -1.5474653e-03
 -3.1238515e-04
  2.2628661e-03
  1.9601812e-03
 -4.5619104e-03
  6.3098617e-02
 -6.5053417e-04
  2.9921441e-03
 -1.3894433e-03
  5.9839562e-02
 -2.4903696e-03
  6.4334023e-04
  3.3800225e-03
 -1.1776694e-06
 -9.3034512e-05
 -2.5413148e-03
 -1.7744554e-04
  1.2335974e-01
 -1.2557112e-02
 -6.6436653e-05
 -5.0097988e-03
 -2.3841311e-04
  6.6753565e-03
  5.7526194e-03
 -1.3909858e-02
 -5.3625065e-03
 -1.2027296e-04
 -2.3161951e-03
  2.1296858e-03
  7.0013839e-04
 -1.1343861e-02
  5.1981455e-04
  2.4844348e-04
  9.7667624e-04
  8.0231257e-02
  1.7676255e-01
 -8.0931134e-04
  2.6126804e-02
 -7.1585202e-04
  5.0296608e-02
 -6.4593228e-03
 -2.5480583e-03
 -2.2537326e-03
  8.5403750e-05
 -1.7322579e-03
  7.7271158e-01
 -3.2087041e-03
  1.9096171e+00
  6.9195193e-01
 -2.5691013e-03
 -5.9312219e-03
  6.0376502e-03
  2.8447664e-04
 -4.2063126e-01
 -5.6349427e-02
 -5.4249517e-03
  8.0602253e-03
  6.8375951e-04
 -3.5788754e-01
  1.1930920e-03
  1.0132149e-03
 -2.5978293e-03
 -3.9503488e-01
  1.9536012e-01
 -9.3825907e-02
  7.6949739e-01
 -3.3504183e-03
 -1.6231470e-02
 -3.8132924e-01
  1.1041331e+00
 -1.2271662e-03
  1.4322591e-03
 -3.3591225e-04
 -6.3259117e-03
  1.4067091e-03
  1.0402991e-03
 -1.4158955e-01
 -2.4153337e-01
 -8.6220640e-01
  1.0502190e-01
  2.2145233e-01
  5.4106385e-01
 -2.2085339e-03
  1.1183681e-01
  1.5473574e-01
  1.1473302e+00
  8.5960709e-02
 -6.9441867e-01
  1.4741351e-01
  4.2715451e-01
  3.1601015e-02
  1.0363679e+00
 -4.4650704e-01
  1.1419209e-01
 -6.9721527e-02
  3.3526793e-01
  5.1799911e-01
 -2.2186296e-01
  2.9356082e-03
 -1.5914901e-01
  5.4548007e-01
  5.8120251e-01
 -5.3624444e-02
  5.2059829e-02
 -1.8059536e+00
 -1.0234995e+00
  1.4233384e+00
  5.0962675e-01
 -4.5495495e-01
 -7.5032562e-01
  2.5493279e-01
  1.4768561e+00
  6.7570983e-03
 -1.5322906e-01
  4.2481649e-01
  1.7466071e+00
  1.2735046e+00
  8.9689583e-01
  5.5499446e-01
  3.7124240e-01
  9.1152407e-02
  8.5976112e-01
 -1.1018403e+00
 -3.6494594e-02
 -3.1895509e-01
  5.3925979e-01
  2.4622128e+00
  1.3410290e-01
  6.2875758e-04
  4.1428360e-01
 -1.1231084e+00
 -5.2485853e-01
  2.8359452e-01
  1.6248900e-01
 -5.5938560e-01
  1.0922153e+00
 -5.0995097e-02
  1.8045542e-01
 -1.7322073e+00
 -1.7388839e-01
 -1.3440707e-01
 -2.2278738e-01
 -3.5808492e-01
  3.0187297e-01
  4.1482124e-01
  6.3188099e-03
  5.7729691e-01
 -2.0900242e-01
 -1.2802753e+00
 -1.0923649e+00
 -2.1226392e+00
 -4.7415319e-01
  7.3813534e-01
 -8.8050210e-01
 -1.7359138e+00
 -6.8862611e-01
 -3.6753720e-01
  5.6878853e-01
 -1.0614457e+00
 -1.9365706e+00
  1.6129092e+00
  3.0471962e-03
  7.5160187e-01
 -7.5763243e-01
  1.4330870e-03
 -2.3279093e-01
 -2.4007447e-03
 -1.5560895e-03
  2.1022825e-02
  1.5551658e-01
 -2.3054400e-02
 -1.2248694e+00
  1.8667146e-03
 -1.0814138e-01
 -1.6312847e-03
  5.8679457e-04
  1.0711343e-03
 -4.5204475e-03
 -4.7467783e-04
 -2.3863809e-02
 -7.0081726e-02
  3.5857633e-01
  3.2831857e-01
 -1.6097538e-01
 -4.2041097e-02
 -5.7717680e-05
 -2.7305572e-03
 -3.7413018e-04
 -1.6087516e-04
 -2.1025388e-02
  1.1680778e-04
 -2.8755475e-04
  6.3175760e-04
  1.6878589e-04
 -2.7297447e-05
 -8.2300347e-01
  2.2126155e+00
  2.3507457e-02
 -2.2350121e-01
 -1.9736327e-01
  1.8084673e+00
  1.0498213e-01
 -4.9823280e-02
 -2.2857146e-01
  4.2001125e-01
  1.6320601e-01
  1.0241600e+00
  5.2381706e-01
  6.1287588e-01
  2.3301685e+00
  9.9550265e-01
  4.2308515e-01
 -2.5067490e-01
 -1.2297747e-01
 -1.0114734e+00
 -1.0136218e-01
  9.8736113e-01
 -4.2596680e-01
 -6.0031193e-01
  2.0893972e+00
  6.4257411e-03
  6.4676285e-01
 -7.5950433e-04
  1.3519060e-04
 -4.0447235e-01
  2.6725610e-03
 -4.6579013e-04
  2.0872061e-04
 -1.9918547e-03
  1.9237103e-02
  1.3678687e-04
  7.2280510e-04
  3.7793201e-04
  1.5032334e-03
  2.5864766e-04
  2.7093217e-03
 -1.0695937e-03
 -6.8288884e-04
 -5.1803107e-04
  2.0535375e-04
 -5.3731412e-05
  1.1868728e-04
 -1.2880816e-03
  1.2493992e-03
  2.4636913e-04
  6.7306950e-04
 -7.0481347e-03
  8.8359119e-04
  2.1194089e-03
 -2.2061897e-04
 -6.4994529e-04
 -2.3808705e-06
  1.5144408e-03
 -2.6857882e-05
 -3.3135986e-04
  7.3176152e-01
 -3.2696576e-04
  2.1728973e+00
 -1.1384956e+00
  7.4162710e-01
  1.8335581e-01
  1.0855969e+00
 -7.9738402e-01
  2.2287720e-01
  2.2199911e-03
 -1.4201488e-01
  3.6912718e-01
 -5.7500098e-02
 -2.1064042e-03
 -7.8090549e-01
  1.6915179e+00
 -1.4112315e-01
 -5.1903301e-01
 -1.6984448e-01
  7.1187705e-02
  5.2958918e-01
  1.5785699e-01
  1.2450913e+00
 -1.6750716e-01
 -4.3894079e-01
  1.0914513e-03
  4.9369747e-04
  2.9942596e-01
  6.0852390e-04
  3.8898291e-04
 -6.0461569e-01
  1.4176434e+00
 -5.1178497e-01
  4.1355893e-02
  2.1520312e-01
 -5.8171159e-01
  4.5020194e-03
 -7.4128354e-01
  3.9123863e-02
 -5.4958597e-04
  4.8529565e-02
 -7.1791951e-03
 -3.2903311e-01
 -5.5937350e-02
  1.5979734e-03
 -2.0261072e-01
 -1.1014956e-01
 -1.7723665e+00
 -5.2261859e-01
 -1.2103155e+00
  2.6997679e-01
  3.7269560e-03
 -3.1735796e-02
  4.6182379e-02
  1.0046146e+00
 -8.3908596e-04
  1.0386221e+00
 -2.6326174e-01
 -3.0305484e-01
 -9.8231458e-06
  6.4975512e-01
  3.5794413e-01
  8.8825834e-01
 -1.6312581e+00
  1.0689874e+00
 -1.5223289e+00
 -9.5934337e-01
 -6.5502292e-01
 -4.8784044e-01
 -4.8403940e-01
 -6.9530857e-01
  1.4589499e+00
 -3.3848774e-01
  1.1507728e+00
  1.3812971e+00
 -6.7617154e-01
  3.9965805e-01
 -1.8914315e-01
  7.4354225e-01
  5.1258963e-01
  4.6314024e-03
  7.4169999e-01
 -1.3371003e-01
  7.0995772e-01
 -1.2112061e+00
  8.8411692e-04
  1.5618321e-02
  1.9281119e-01
  2.0734044e-02
 -2.6773822e-01
  2.5576016e-01
  1.9138482e-01
  1.1070491e-01
  1.5230834e-05
  7.9016887e-02
  7.8747116e-02
  2.5764403e-01
 -1.0219487e-01
  7.5541005e-02
  8.7259397e-02
 -4.5676697e-02
 -6.9406597e-05
 -9.1784224e-03
  3.0097714e-01
  4.0511259e-01
 -1.5086374e-02
 -1.0200202e-01
 -2.1487938e-03
  8.3189629e-02
 -1.3541762e+00
  1.5119587e-02
  2.3117185e-01
  5.3068042e-02
  1.3050751e-03
  1.0132714e-01
 -2.8918550e-04
  2.4371350e-03
  1.3726545e-03
 -1.1606475e-01
  2.3732839e-04
 -6.5833345e-02
  1.5189848e-02
 -5.0607981e-04
 -3.3324710e-04
  3.2211006e-02
  2.8631394e-04
 -1.0744125e-03
 -3.5182413e-02
 -7.4974960e-03
  5.3203944e-04
  1.3800772e-04
 -3.8671002e-04
 -1.2475903e-03
 -2.3652999e-01
  3.0120762e-04
 -9.0252679e-06
  2.5837857e-04
  6.1523868e-03
 -6.2017970e-02
  4.9780477e-02
 -1.0055731e-03
 -1.1569262e-04
 -8.1162085e-04
  6.8072078e-04
 -1.1327008e-03
 -7.4945958e-05
 -3.5172093e-01
  1.8018049e-03
  1.3595127e-03
 -4.4387873e-04
 -5.6147266e-02
 -5.6234904e-04
  1.2118625e-04
  2.3354834e-03
 -3.4411609e-01
 -1.2223636e-02
 -4.0365465e-04
  2.2164660e-02
 -3.4700148e-02
  5.0984407e-03
 -1.0814489e-03
  1.9567732e-04
  2.2474304e-03
 -4.9862713e-03
  1.0975024e-03
  3.7973827e-01
 -2.8776800e-02
  1.5799262e-02
 -8.6306125e-02
 -3.3594691e-04
 -1.4300052e-02
 -7.6155782e-02
  1.1417316e-03
  2.9498516e-04
 -2.6066257e-03
  8.1762599e-05
 -8.1856624e-04
  4.8054563e-04
  4.5893303e-04
 -5.1708972e-05
  3.4102541e-01
  1.5619249e-03
 -7.7765301e-04
 -2.1376912e-03
  1.1350830e+00
 -6.1537996e-03
 -7.6509372e-05
 -3.0570451e-02
  2.0034318e-01
 -5.0216331e-04
 -1.2121300e-04
  3.5974164e-03
  4.8107687e-02
 -5.7533040e-04
  1.3490501e-04
  2.2891875e-02
  2.8996435e-01
  4.9351412e-01
  2.8016616e-02
 -4.3570691e-01
  7.6146047e-03
 -1.5527681e-03
  1.1270614e-03
  3.5012448e-03
 -2.2742651e-01
 -1.2607150e-03
  3.3018101e-04
 -2.5448186e-04
 -4.3575774e-04
  1.2265135e-03
 -4.6923652e-04
  1.6426114e-02
 -1.1539349e-03
 -3.6118957e-04
  3.4912260e-05
 -4.2015663e-04
  4.8640402e-04
  6.5944588e-04
 -7.9061498e-04
  4.5501624e-04
 -3.3911158e-04
  1.6366282e-03
  1.9736981e-04
 -1.8380544e-04
  4.9293631e-05
  4.5020715e-04
  9.7057596e-04
  3.2752307e-04
 -4.6741116e-04
  5.9240106e-03
  2.2385651e-03
  4.6953862e-04
 -3.8218554e-05
  1.7588855e-04
 -1.9211159e-03
 -1.0103576e-03
 -1.5845939e-03
 -1.8021852e-03
  2.4688585e-05
  2.8344325e-04
 -5.3879195e-01
  1.1744882e+00
 -5.0852680e-01
  1.8369983e-01
  1.0293026e+00
  2.9441538e-01
  4.3924909e-02
 -1.4990090e-01
 -4.4976774e-01
 -2.8412610e-01
 -1.1305342e-02
 -1.7113018e-01
 -1.0792519e-01
 -1.7578225e-01
  5.8754700e-01
 -3.0552715e-01
 -2.4859001e-01
 -6.4147823e-02
 -5.6728680e-02
  1.8929069e-04
  6.2649854e-02
  3.8045496e-03
 -6.0133528e-02
  1.3390736e-02
 -2.0172760e-01
  4.1366997e-01
  3.9518851e-05
 -3.7774062e-01
  3.4608294e-03
 -2.9814925e-02
  1.1307998e-01
  3.3126671e-03
 -6.1273418e-04
  3.6679727e-03
  3.1741059e-01
  1.0166609e-02
  4.2454159e-04
 -1.3661132e-02
  5.4506771e-03
 -1.3161193e-04
  1.3664406e-03
  4.2197257e-04
  3.9515426e-04
  3.0723300e-03
 -4.4448793e-04
  8.6114891e-03
  2.5446827e-02
 -2.4421981e-02
  4.8802260e-02
  1.9941053e-03
  4.9852068e-04
  3.9874814e-03
  9.9564088e-04
 -2.8144330e-04
  5.0187935e-03
  3.6441983e-04
  1.2288279e-04
  2.3527897e-03
  8.9864909e-05
 -1.8526288e-03
  6.1744088e-01
  5.4878044e-01
 -7.9210319e-02
  9.0113503e-04
  5.9000358e-02
 -1.1276259e+00
  4.4961157e-04
  1.3578589e+00
  3.7126385e-02
 -3.3397493e-01
 -1.2860576e-02
  7.2058472e-03
  1.1034156e+00
 -3.2665148e-01
 -5.9363497e-03
 -2.5779226e-01
 -1.0306162e+00
  1.9991493e+00
  1.7346153e+00
 -2.9114166e-01
 -1.7494391e+00
 -9.5615500e-01
  6.1738169e-01
 -3.4858608e-01
  6.9686693e-01
  1.4596647e-03
  2.2583115e-01
  1.8898824e-01
  1.1118186e-03
  2.8403540e-04
 -1.2716498e+00
  3.1670897e+00
  1.7950422e+00
 -2.2227976e-01
 -1.0109292e+00
 -4.3218350e-01
  4.0959573e-01
  6.6016626e-01
 -1.7767959e+00
  6.3622463e-01
  3.3549860e-01
  1.0982404e+00
  1.8324284e-01
 -1.0083070e+00
 -5.9462154e-01
 -3.9520067e-01
  2.4822512e+00
  2.2167128e-01
 -6.1930037e-01
 -1.0483885e+00
  9.4439888e-01
  4.4452853e+00
 -3.5408238e-01
 -5.8218956e-01
 -9.9245079e-02
 -3.1750709e-01
  3.4745237e-01
  4.3361753e-01
  1.1275826e+00
 -6.5808314e-01
 -3.5932636e+00
  4.3998435e-01
  2.1307397e-01
 -1.4893764e+00
 -8.6732161e-01
 -5.2351677e-01
 -1.5907845e-02
  4.5183915e-01
 -6.2997705e-01
  4.1848151e-03
  1.6788337e+00
 -1.3969438e-01
 -7.2468787e-01
 -8.7847447e-01
 -1.9657272e-01
 -8.9676267e-01
  1.5629075e+00
 -6.9174457e-01
  6.2135684e-01
  1.4294572e+00
 -2.2224293e+00
  1.1647166e+00
  1.0094211e-01
 -3.2426071e-01
  1.7426530e+00
  1.7158701e-01
 -2.1023344e-04
 -2.0144498e-03
  6.8266457e-01
 -2.0926499e-01
  1.9624853e-04
  6.6660432e-05
  6.1589177e-04
 -1.7126666e-04
  1.6500053e+00
 -3.2387880e-04
 -5.2359223e-04
  4.1549965e-03
  4.1853744e-04
  1.3815971e-03
  2.7597923e-04
  8.2173129e-04
  1.0971443e-04
  1.7583625e-03
 -1.2748478e-03
  1.2026988e-04
 -1.7813651e-04
  5.9012131e-05
  3.7234620e-04
 -1.5906176e-04
  9.4133931e-05
 -1.4585621e-03
  2.1486033e-03
  2.1955887e-04
  1.3911518e-03
 -1.9714795e-04
 -2.1001322e-03
  4.9424777e-04
 -3.7911392e-04
  1.1822147e-03
 -2.6475422e-02
  7.0775661e-04
 -5.0280034e-04
  2.3731255e-04
 -1.2225882e-04
  5.9907889e-04
 -9.6115068e-04
  4.3751120e-06
  9.2480116e-04
  2.4931824e-03
  4.0667426e-05
 -2.0160769e-04
  4.1439896e-04
  4.7837695e-04
 -5.2769016e-04
 -1.2021281e-03
  4.9319962e-04
  2.3743790e-04
 -5.0994707e-03
 -3.8633030e-02
 -5.4927427e-02
 -1.7618081e-03
 -1.9164858e-04
  3.7832026e-04
 -1.6580608e-04
  4.5538609e-04
 -5.0222705e-04
  7.7731436e-04
  3.1934997e-05
 -7.2364521e-05
 -1.9921182e+00
  8.1442654e-01
 -1.7374378e-02
 -3.6672175e-01
 -5.1325721e-01
  5.5472594e-01
  1.4664991e-01
 -1.6802647e+00
  2.0425238e-01
 -4.0733315e-02
  2.9254609e-03
 -7.9674810e-01
 -2.8502539e-01
 -8.4834057e-01
 -1.6928137e-04
 -1.0083961e-01
  9.8844089e-02
 -4.0553242e-02
 -3.1939012e-01
 -5.6973253e-03
  3.0931953e-01
 -2.5099772e-01
  4.1571182e-01
 -3.6896759e-01
 -1.0814518e-01
  2.4239119e-04
  1.1299884e-04
  1.2779998e-03
  1.9874275e-03
 -1.6216942e-03
  1.1033518e-01
 -4.9409696e-01
  1.0960137e-01
 -8.4853560e-01
 -2.0543804e+00
 -1.0428553e-02
 -4.4320059e-01
  1.2856208e+00
 -7.8890443e-01
 -9.2009470e-02
 -2.3896910e-01
 -2.1580157e-01
  5.6089795e-01
 -4.8758062e-03
  2.3623853e+00
 -5.7528973e-01
  3.6041912e-01
  8.4681875e-01
 -1.3247757e+00
  4.3003759e-01
 -1.4680403e-02
 -1.8738329e-01
  1.1622027e-01
  8.0292493e-01
 -5.5261713e-01
 -2.1425021e-04
 -1.0107207e-02
 -6.1967233e-03
  2.2179769e-01
 -1.7338630e-03
 -3.4923115e-04
  2.8116922e-04
 -7.8009244e-04
  2.1118327e-04
 -8.8624173e-04
  3.4806592e-04
 -4.0150280e-04
 -1.3763927e-03
 -1.5133998e-04
  3.9115068e-04
 -1.7569563e-03
 -8.4408879e-04
 -1.2426713e-04
  4.4018732e-04
  2.1024860e-04
  2.4373304e-04
 -1.4032114e-04
 -2.8462807e-04
  1.9365031e-04
  3.8653961e-05
  1.3877667e-03
 -3.7490606e-04
  2.6018458e-04
  2.1996647e-03
 -1.1557944e-03
 -1.5853600e-04
  2.0531095e-03
 -2.1630072e-03
 -3.0227131e-03
  2.7609139e-04
  5.2362104e-04
  1.7355289e-04
 -1.4042360e-03
 -1.6202102e-04
  1.1898299e-04
  4.9769471e-04
  4.0832179e-04
 -1.1674103e-04
 -1.3411428e-04
 -1.4882216e-03
  3.8717227e-04
 -6.6959241e-05
  6.1577180e-04
 -2.1218362e-04
  2.7733246e-05
  3.2385731e-05
  7.1481266e-04
 -2.6284521e-03
  2.8519053e-04
 -3.6604036e-02
  7.7804003e-04
 -1.8352536e-04
 -5.7636102e-04
 -8.5406855e-04
  8.4044476e-04
  3.5957102e-02
 -4.8942573e-05
  1.0819858e-04
 -4.3376535e-04
 -1.7317587e-05
 -1.5376925e+00
  2.5126967e-01
 -3.4484675e-04
  3.9058711e-04
  1.3548059e+00
  2.0659646e-01
 -2.2976595e-01
  8.0478376e-01
 -4.7618681e-01
 -3.4745175e-02
  7.2081428e-04
 -4.6652246e-01
 -6.6885346e-01
  5.5723634e-05
  3.4637316e-04
 -1.4469458e-02
 -9.6105391e-01
  9.7580677e-01
 -9.4553721e-01
 -6.2336825e-02
  8.7853307e-01
  7.7822797e-02
 -2.7411288e-01
 -1.9165999e-01
  2.1157072e-01
 -4.1908743e-03
  9.8220438e-02
  9.8269712e-04
  2.1420790e-04
  4.2079594e-03
 -4.4470033e-01
  3.3185165e-04
  2.0494804e-01
  6.9078755e-01
 -2.0278394e-01
 -1.2103663e-01
 -1.7462129e-02
 -3.2873785e-01
 -1.0155267e+00
 -1.4873680e-03
 -4.1201735e-01
 -1.5083334e-01
  1.3242569e-02
 -5.4076606e-01
 -1.0638231e-01
  2.9954696e-02
  3.0249789e-01
  1.0386393e+00
  1.9676484e-02
 -1.8636735e-02
 -3.0201596e-01
 -9.8099090e-02
 -1.4721912e-01
  3.0328417e-01
  3.7776405e-01
  4.3936209e-03
  5.3517400e-05
 -1.6621403e-01
  5.7947449e-03
 -3.4476840e-03
 -8.6750120e-01
 -7.2376418e-04
  4.6129698e-01
 -1.9375354e+00
 -7.9856670e-01
 -2.3013377e-01
 -6.7619547e-02
  2.2351897e-01
 -1.0547687e+00
  6.9136303e-03
 -1.0791699e+00
  1.1653573e-03
  1.6042712e-01
 -1.0648195e+00
 -5.3130209e-01
 -2.2938809e+00
  9.8105025e-01
  2.3998758e-01
  5.8716122e-02
  3.4110881e-02
 -2.3409729e+00
  1.0354338e-01
  5.6401241e-01
  6.6006988e-01
  1.0199209e-01
  2.1579196e-01
  1.7320576e-04
 -2.8416866e-01
  1.2507047e-01
 -9.7431481e-02
 -1.5087528e-02
 -5.3390890e-04
 -9.1070309e-02
 -2.3845747e-02
  3.3787921e-01
 -1.2607992e-01
 -1.1596209e-01
  9.3872687e-03
  2.8151875e-02
 -5.2279510e-02
  7.1921846e-04
  3.2060274e-01
  7.9856761e-02
  3.5753590e-01
 -9.3313783e-02
  1.7814443e-01
  3.3128757e-02
  3.6152367e-02
 -1.2832443e-02
 -4.3251318e-01
  6.3930880e-03
  8.9864898e-03
 -1.5453358e-01
  2.5247935e-02
  7.0551664e-02
 -3.1172973e-03
  1.5764856e-03
 -1.4048660e-03
 -5.3376287e-02
  1.4895877e-01
  1.3640841e+00
 -6.7794251e-01
  5.2054948e-01
  1.6427110e+00
  9.2280194e-02
  1.4935377e-01
 -7.0892853e-01
 -3.5637781e-01
  5.4650581e-01
 -1.3672804e+00
 -1.4536361e+00
  3.5580817e-01
 -6.6069551e-02
 -7.7867472e-01
 -1.0114348e-04
 -1.6033442e-01
 -8.0923480e-01
  6.6275686e-01
 -1.8347076e+00
  2.0818076e+00
  1.0060545e+00
 -1.4290961e+00
  8.0124688e-01
 -1.3343246e-03
 -8.1863213e-01
 -1.5399505e-04
 -8.3425868e-01
  5.2038699e-01
 -1.8320991e-01
 -1.8254502e-03
 -2.2575328e+00
 -4.0185666e-01
  1.0790253e+00
  4.3440458e-01
 -7.0916718e-01
 -1.5342040e-01
 -1.4982429e-01
 -7.6288328e-02
  9.7587816e-03
  1.5502094e-04
 -6.6423431e-02
  2.6601267e-03
  1.4164590e-02
  2.2756034e-03
 -3.0464388e-03
  7.2259188e-01
 -5.1247988e-02
  9.4238150e-01
  6.1139619e-01
 -4.9646139e-01
  1.0887868e-04
 -1.3480908e-02
 -8.3790191e-02
 -9.6110936e-04
 -1.5588608e-04
  9.1789744e-04
 -5.7271804e-04
 -2.1016703e-03
 -2.4465625e-03
  7.1345607e-04
  2.4723996e-01
  7.0360295e-02
 -1.4328650e+00
 -1.0502778e-01
  1.0748891e+00
 -2.9824486e-01
 -6.8916243e-01
  4.4232297e-01
 -7.7326976e-02
  4.5350999e-02
  1.8715828e-05
 -3.8303527e-01
  1.3236390e-01
  8.0946431e-02
  1.4455081e+00
 -3.6727992e-01
 -3.2766465e-02
  5.5131380e-02
 -3.9971584e-01
  6.3091964e-02
  6.3839900e-01
  1.9620033e-01
 -7.3723905e-02
  2.7569973e-01
  8.5159078e-02
  3.9770491e-02
  9.0430146e-01
 -5.0683171e-01
 -6.8079412e-02
  7.9721928e-04
 -1.2815764e+00
  6.3571297e-02
 -9.5028144e-01
 -6.5744445e-02
  1.9197731e+00
 -3.6648184e-01
  1.1668764e+00
  9.7974807e-01
  7.3154819e-01
 -6.4206153e-02
 -1.0337327e+00
  1.7540751e-05
 -1.9880512e+00
  7.4029125e-02
  1.1559674e-01
 -4.2091554e-01
  9.8725066e-02
  4.4871134e-01
  5.0035411e-01
 -9.6470106e-01
  5.3973991e-01
  2.8011418e-04
 -4.8564097e-01
 -1.0303591e+00
  8.5341215e-01
  3.0156794e-01
 -1.3923190e+00
 -9.9992961e-01
 -4.9299923e-01
  3.9867973e-01
  9.5821595e-01
 -1.7128412e-01
 -1.5582899e+00
  5.1752917e-02
  5.7957542e-01
  5.1577431e-01
 -1.0117223e+00
  8.1185269e-01
 -1.5839113e-01
 -2.2682542e-01
  2.0240545e-01
 -7.6777636e-05
 -1.0728934e+00
  2.0519131e-01
  4.5412594e-01
 -2.3614042e+00
 -7.2523624e-01
 -1.4290875e-01
 -7.7076212e-02
 -4.7690535e-01
 -6.9623631e-01
 -9.6626543e-03
  6.5346770e-02
  1.9445153e-01
 -4.9594814e-01
 -5.4526341e-01
  1.6196289e+00
 -7.1166247e-01
  3.0216143e-01
  1.8412911e+00
 -1.1429685e+00
 -5.3260159e-01
 -4.7220084e-01
  5.7707995e-01
  1.0619450e+00
  6.8456572e-01
 -9.5482308e-01
  1.1164397e-01
  9.3281347e-01
 -1.3066237e-04
  4.3892881e-01
 -6.4635193e-01
 -9.9521601e-01
  1.1018682e+00
  6.2025678e-01
  1.8693918e+00
 -3.4433696e-01
  2.3688506e-01
  1.4648918e+00
  4.0498120e-01
  5.7105458e-01
 -3.2699731e-01
 -3.4318554e-01
  7.1704447e-02
  2.7526423e-01
  3.6279061e-01
  2.6340822e-02
 -1.3096836e-04
 -4.1910753e-01
 -4.6549067e-01
 -7.0782888e-01
 -3.7877679e-02
  4.6376148e-04
  1.1402143e+00
  2.4020253e-01
  5.4006189e-02
  5.6120151e-01
  2.0003284e-04
 -7.3460909e-04
 -3.2402924e-01
  1.0737542e-01
  6.1175597e-01
 -1.3320542e-02
  2.0267639e-01
 -2.7313421e-04
  1.2413083e-03
 -1.4746286e-01
 -3.9334304e-04
 -3.4854433e-01
 -1.0484852e+00
 -1.0388921e-02
  1.0288186e-01
  1.7147244e+00
  1.6393876e-01
 -1.0464134e+00
  1.4573862e-02
  1.7008220e-04
  2.2308666e-05
  2.2894727e-01
  2.4059888e-03
  4.7912652e-04
 -1.9889858e-02
 -1.7123603e-03
 -6.2243198e-03
  6.4475823e-04
  3.0962739e-05
  1.5856783e-03
 -2.8185511e-04
 -5.6822584e-03
 -2.2376296e-03
  1.9381141e-02
 -3.5557678e-04
 -2.3138997e-04
  6.1648182e-04
 -5.5864677e-03
  1.3323361e-03
  4.1634068e-04
  1.3323491e-03
 -1.4510243e-04
  1.7307932e-03
 -1.0617821e-04
 -2.4601907e-04
  2.1460862e-03
  1.3666027e-04
 -7.4656564e-04
 -1.7079998e-04
  3.0661226e-04
 -1.6022435e-03
 -5.3785516e-05
  1.5180504e-03
  2.1401437e-02
 -1.1973733e+00
  5.9080885e-05
 -1.6557181e-02
  2.4650240e-02
 -1.2456500e-03
 -5.7134712e-01
 -3.2601370e-03
 -4.7516171e-04
  2.2795554e-03
 -6.5858723e-05
  4.7829491e-04
  7.7691358e-03
 -3.4016412e-02
 -1.0383251e-01
  4.3591661e-03
  7.9218354e-03
  3.3192031e-02
  8.3842129e-03
  8.0239439e-01
 -7.2504347e-04
 -7.0006736e-02
 -1.8206040e+00
 -1.3053679e-01
  2.8973797e-04
 -1.7631255e-02
 -8.9885708e-04
  1.3030325e-04
  7.2636438e-04
 -6.5918569e-04
 -1.8359814e+00
 -7.2756737e-01
 -2.7030488e-02
  4.1424894e-01
  2.6605278e-01
 -5.2003805e-02
  8.6422689e-02
 -1.0312342e-04
 -4.4823954e-01
 -1.3904713e+00
  1.5454984e-01
 -6.3545787e-04
 -1.1402912e-03
 -2.2325416e+00
 -1.7586204e+00
  5.4510344e-02
  7.7685827e-01
  1.2029380e-01
  1.1643138e+00
  5.1107210e-01
  6.6468254e-02
 -2.1984835e+00
 -2.7215433e-01
  6.9173574e-02
 -3.4779993e-01
  2.5053469e-03
 -2.8328137e-05
  8.3335082e-04
 -1.9260313e-05
  1.8329432e+00
  1.3814855e-04
  6.1219919e-04
  4.9469364e-04
  3.2760130e-04
  1.6410875e-03
 -1.3108795e-03
 -7.4971947e-05
  2.0915955e-04
  7.6436385e-04
 -2.7800954e-03
  1.5857823e-04
  3.1951952e-04
 -2.7953449e-04
  7.9056146e-05
 -9.0296153e-04
  1.0137863e-03
  4.0450357e-04
 -1.1994046e-03
 -3.4868070e-05
  8.4333576e-02
 -3.8376737e-03
 -2.7697379e-04
  1.9895746e-03
 -1.9331806e-04
 -6.7821029e-04
  4.9808191e-04
  2.3058667e-03
 -2.5044029e-04
  2.7335563e-04
 -8.0286041e-02
  4.9898695e-02
  1.4518762e+00
 -4.6170416e-01
 -2.4613996e+00
 -1.5048210e-01
 -1.1681762e+00
 -1.0091738e+00
 -1.0890493e+00
 -1.0049975e+00
  5.3458763e-03
 -4.8498204e-01
 -8.4281224e-01
 -2.0391169e-01
 -2.1042855e-01
 -1.1586303e+00
 -4.3003663e-02
 -7.9441726e-01
  5.3539574e-01
 -1.0540175e+00
 -2.6303294e-01
  9.5532650e-01
 -2.4016988e-01
  1.5857947e+00
  2.2021815e-01
  3.9561905e-02
 -1.7088782e-02
  5.0394136e-01
 -6.4409405e-01
 -1.9148853e-02
  1.3412887e-01
  4.8931938e-04
  1.2101545e-01
 -1.5119619e-04
 -3.9010504e-01
  1.1126889e+00
 -1.8418994e-04
  1.8818035e-05
 -1.8987367e-04
  1.6504267e-04
 -2.0292379e-04
 -1.8889306e-04
 -1.0798462e-01
  2.3841080e-03
  4.4856928e-02
 -1.9454326e-04
  1.6055843e+00
  2.3333183e-04
  2.3457911e-03
 -2.7232801e-03
  1.4323092e-02
  5.5849091e-03
  2.3736319e-02
 -1.0444807e+00
  1.4418001e-02
  1.1764484e-01
 -2.1460894e-03
  4.4743338e-04
 -2.2759160e-04
  4.0202215e-03
  8.3596940e-04
  5.6600682e-02
 -1.8646161e-01
  9.2552453e-02
 -4.8049679e-04
  9.8311013e-01
  1.9116595e-03
 -1.2261606e-03
  8.7936874e-05
 -4.2459840e-04
 -2.4209449e-02
  1.2139373e+00
  7.7713329e-01
 -9.2138740e-04
  9.6659437e-03
  3.2765965e-03
  7.9133786e-04
  4.4363841e-02
  5.0019351e-04
  8.7315893e-05
 -6.2077630e-01
  1.2706434e+00
  1.7596030e-01
 -1.8635745e-03
  1.8866668e+00
  9.8007977e-02
 -1.4804376e-04
 -3.4770261e-02
  2.1414868e-04
  2.6552523e-03
  4.0569875e-01
  1.2755156e-01
 -6.2060040e-01
 -9.9657905e-01
  2.9832980e-04
 -1.6681547e-01
 -3.7668645e-04
  1.1702859e-01
  2.2514204e-04
  3.4312631e-03
 -7.4961707e-02
  3.7569369e-03
  6.6162139e-01
  8.0895998e-02
  1.0566633e+00
  8.0033481e-01
 -1.2243074e+00
  1.6173512e-01
  1.6252036e+00
 -1.4072549e-01
 -6.7124379e-01
 -2.5483751e-01
 -1.0595545e+00
 -1.1831126e+00
  1.8757226e+00
  1.0722771e-02
  7.5855714e-01
  2.4058013e-03
  6.1274850e-01
  4.5889732e-04
 -1.5749589e+00
  1.4658947e-02
 -7.5852463e-04
  1.1976024e-03
 -1.0792431e-03
 -5.1259925e-04
  1.3634535e-02
 -1.9915281e-03
 -2.0628812e-02
  5.6436704e-04
  3.4617970e-05
  1.2324890e-03
 -6.4710031e-05
  2.3179603e-04
 -6.4087915e-04
 -2.5374538e-03
 -1.6791718e-04
  3.5132992e-01
  2.0621370e-05
 -2.8914650e-04
  8.7972090e-04
 -4.4763307e-03
  9.4707776e-03
  7.8335387e-04
  6.4756874e-05
 -1.2185133e-04
  5.6361133e-04
 -7.4774632e-04
 -8.2663121e-04
  4.1286153e-04
 -1.3251249e-03
 -4.5666573e-04
  3.0421489e-04
 -5.1132438e-04
 -1.0731970e-03
  6.1521964e-04
 -7.0001831e-04
 -6.1586651e-04
 -9.1714686e-04
 -1.0582902e-03
 -9.2488597e-04
 -5.2840449e-04
  1.1995386e-03
  1.9757301e-03
 -7.0109742e-04
 -2.2024281e-04
  9.9039078e-04
 -2.3560955e-04
  2.0399828e-04
  1.3750258e-03
 -4.2478656e-04
 -7.4981443e-05
 -3.4595488e-04
 -8.5584068e-04
 -1.2094979e-04
  7.7954785e-04
 -2.5619441e-03
 -7.4609002e-04
 -1.9787108e-03
  5.0580199e-04
 -3.3367000e-04
  2.6387392e-04
 -5.0619319e-03
 -2.7885329e-04
  5.3561857e-04
  6.1146682e-04
  9.6772017e-04
 -1.1730355e-03
  5.1127566e-04
 -2.3254529e-03
  8.0941559e-04
  8.8653830e-04
  7.4041414e-04
  3.2909818e-05
 -6.5847655e-04
  2.5957744e-04
  2.9812678e-04
 -1.4635305e-03
 -3.0587427e-04
  2.9451484e-04
 -1.7998841e-02
  2.2659996e-04
 -8.7820558e-04
  9.3468241e-03
 -3.5555538e-04
  7.3977135e-04
  1.5902257e-02
 -6.3756510e-05
  3.9336208e-04
  1.7713495e-03
  4.6647256e-04
 -1.0015806e+00
 -4.8905769e-01
  1.0828840e+00
 -1.3378340e+00
  2.1409053e-01
  1.5538438e-03
 -3.1295531e+00
  2.9250243e-01
  1.7476391e+00
 -6.8220264e-01
  1.8410276e-01
  5.9186828e-01
  1.7428368e-01
  9.2659396e-01
 -1.5865955e+00
  1.5898563e-01
 -7.3842235e-02
 -6.0352528e-01
 -5.3328758e-01
 -3.2934636e-02
  6.2804985e-01
  5.4709816e-01
 -5.5838472e-01
  1.7312963e+00
 -1.6556772e+00
 -4.0319064e-01
  5.2043996e-03
  8.3253775e-03
  1.0062237e+00
 -2.2593445e-01
 -3.3693230e-01
 -1.2973330e+00
 -1.9461538e+00
  7.0597380e-01
  1.6671288e+00
  6.0982504e-03
  7.1001852e-01
  3.6349494e-02
 -1.9240457e-01
  7.1009284e-01
  2.9031886e-03
  8.1976986e-01
  1.1440769e+00
  5.2070478e-04
  3.1838316e-01
 -1.2668780e-03
  1.7933099e-01
 -6.3675958e-01
 -4.0295488e-01
  1.3471912e+00
  1.7517494e-01
  6.4628941e-01
 -2.3163088e-01
 -2.3080668e+00
 -1.0014220e-01
 -2.2342307e-03
 -1.6953514e-04
  7.7347661e-04
 -8.1825398e-02
  1.7484821e-01
 -1.9953740e-04
  2.4141719e+00
  1.3770983e-01
  1.6542091e+00
  2.5487852e-01
  1.8592539e-03
 -7.2019652e-04
  3.7625286e-04
 -5.3781306e-04
  2.0666599e-01
  8.1790096e-01
  3.6292154e-02
 -1.8906513e-01
  3.0833917e+00
  2.7364537e-01
  2.1148182e-02
  1.3435278e+00
 -2.6404679e-01
 -8.6470701e-02
 -7.8523792e-03
  7.6379758e-01
  1.6904330e-01
 -9.2384511e-01
  4.5654640e-01
  1.4823285e-01
 -5.4291934e-02
 -6.9063151e-01
 -8.9585345e-05
 -8.3306477e-05
  2.0201831e-01
 -3.7383341e-04
 -2.9746352e-02
  9.0698320e-03
 -3.6227670e-01
  3.8264142e-04
 -3.1497867e-03
 -4.8346509e-04
  3.6924896e-03
  2.0748714e-03
  3.8156108e-05
  1.5637322e-01
 -3.4770762e-04
 -7.6438609e-04
  2.9892527e-04
 -1.4707259e-03
  7.2888058e-04
  5.6078195e-05
  4.1435560e-04
  5.4665242e-04
 -1.1422502e-01
 -3.3853209e-04
 -2.1289191e-01
  2.2638295e-02
 -5.6756385e-02
  2.9021088e-04
  4.7481111e-03
 -8.9600292e-04
 -1.0053506e-04
  5.2857283e-04
  1.1440551e-04
 -7.3994165e-03
 -7.9630889e-02
  2.2109311e-04
 -3.5808831e-02
 -1.4090858e-04
 -1.7229409e-04
 -4.5814435e-04
  5.3684791e-05
  2.5268551e-04
 -5.5654370e-04
  5.4237708e-02
 -2.2719568e-03
 -3.9577004e-03
  3.0690723e-03
 -1.4266760e-02
 -2.4398655e-04
  2.2295324e-04
  6.6022738e-04
  2.3426468e-04
  1.5277856e-03
 -3.8345525e-04
 -3.9155338e-02
  9.1377735e-02
 -4.8484057e-02
 -1.4676384e-03
 -8.4908266e-04
  4.5573610e-04
 -9.2341132e-02
  2.1853421e-03
  9.0382680e-05
 -1.5111080e-01
 -9.4124091e-01
  4.0053120e-01
  1.1108470e+00
  1.2418083e+00
 -8.4755880e-01
 -2.3640046e-01
 -5.1349360e-01
 -1.7857527e+00
 -1.3251702e-01
  6.4416260e-01
  1.4963170e+00
 -5.5204254e-01
  7.7396578e-01
 -8.0284810e-01
  2.6677237e-05
  3.4864384e-01
  8.0085200e-01
  5.1083815e-01
  4.3030340e-02
  2.8447169e-03
  5.4541135e-01
 -8.5010052e-02
  7.1991390e-01
 -6.0060072e-01
 -8.3182186e-01
 -8.7989497e-01
 -1.4203227e-01
 -2.4127315e-03
  2.7850217e-01
 -2.6160846e-02
 -4.5175206e-02
  1.1843693e-01
 -5.0887063e-02
  1.3358554e-01
  1.6504331e-04
 -1.2516326e-03
  7.5486966e-04
  3.0194730e-01
 -2.5238472e-01
  4.2115200e-01
 -1.3983701e-01
 -6.8327193e-03
  8.9207009e-05
 -2.9768143e-03
  1.6904967e-02
 -2.3057590e-01
  4.2690133e-04
  4.2231041e-01
  9.2265373e-03
  3.6736462e-01
 -4.3082073e-02
  9.5948882e-02
 -3.3594042e-01
  8.6741820e-03
  3.1343490e-04
 -1.5590552e-04
  3.8036847e-04
  1.2028711e-01
  1.2676042e-02
 -4.2483648e-03
  1.4378495e-03
 -9.6395396e-02
 -9.2691392e-01
 -4.8479423e-01
  1.4074503e-03
 -5.8558513e-04
  3.2634594e-04
  4.3848217e-03
 -1.6780687e-03
 -3.0642135e-05
 -3.2659569e-01
  6.0143731e-05
  4.3699165e-05
 -3.9138463e-03
 -2.1496115e-03
  1.0099925e-02
  2.7898091e-01
 -1.9763166e-03
  1.5814182e-01
  4.7408976e-05
 -8.7375820e-01
  3.2785287e-01
  5.5573196e-03
  2.7631447e-01
  2.3447551e-02
  2.4700800e-03
  5.6129450e-04
  1.8398975e-03
 -1.6326130e-03
  1.6795121e-04
 -1.2864372e+00
 -1.7249252e+00
  3.0942049e+00
 -1.3126603e+00
  1.2743011e-01
 -1.7085536e-01
 -3.4488365e-01
 -1.8160062e-02
  1.3931267e+00
 -6.3975573e-01
 -1.4305565e+00
 -1.0381314e+00
  1.0526457e+00
  3.4688482e-01
  2.5831315e-01
  4.2698175e-02
 -1.5370386e+00
  9.0156013e-01
  1.5324484e+00
 -2.5369558e+00
 -1.3798171e+00
 -3.6631179e-01
 -5.1051911e-02
 -3.1733331e-01
 -7.0705026e-02
 -5.3095161e-03
 -1.7509740e-02
 -3.3444050e-04
 -9.8915339e-01
  1.7433251e-01
  2.8188551e-02
 -1.0991365e+00
 -4.5376749e+00
  2.8340927e-01
  2.6894443e+00
  8.8344342e-01
 -6.4509821e-01
 -5.4766779e-04
  3.4870377e-01
  2.2164129e-01
  2.2754922e+00
 -9.0493686e-02
  2.2639321e-01
 -3.0871597e-01
 -3.2448259e-01
  7.3269892e-01
 -1.3220060e-02
  1.4021802e+00
  1.2508203e+00
 -1.6745265e-01
  3.8792461e-01
  2.0379695e-01
 -9.6232325e-01
 -1.5195271e-03
  5.9293609e-02
 -5.0797045e-01
  3.8165369e-03
 -1.0664433e-02
  2.6483533e-03
  6.3661538e-04
  7.0756883e-05
  9.9205645e-04
  2.1228313e-03
  1.1071050e-02
 -9.3975174e-04
 -1.7002159e-04
 -1.0035626e-03
 -1.3712245e-04
  3.2600370e-04
  6.0080783e-05
 -1.4689859e-03
  9.8820135e-05
  3.9916165e-05
 -3.2177343e-04
  8.6427305e-04
  4.3537532e-04
 -8.3874632e-04
  1.0323312e-04
  1.4789192e-03
  1.6538080e-04
 -1.6817354e-01
  3.4167134e-04
 -2.1156864e-04
  1.3149331e-03
 -1.3154326e-03
 -1.2658323e-03
  3.0734303e-04
  5.2002734e-03
  1.3661064e+00
 -1.1074486e-04
 -6.7662308e-04
 -1.7474068e-04
 -7.4426271e-04
 -9.5937471e-04
  2.7616767e-03
 -7.6789950e-04
 -6.3040798e-06
 -3.2532311e-04
 -1.0668176e-03
  1.5833897e-03
  7.3655183e-06
 -6.4263726e-04
 -1.5992447e-04
  6.8808731e-04
 -2.0750554e-04
 -8.3137589e-04
 -1.7394500e-03
 -4.4202237e-04
  4.8212920e-04
 -3.3314625e-04
 -4.1920855e-04
 -6.7167595e-04
  6.8506051e-05
 -5.0157291e-04
 -2.1340698e-03
 -4.0808110e-04
  6.8828231e-04
 -7.3671465e-05
  3.1021083e-04
 -1.9681323e+00
 -1.6090263e+00
  1.3145970e-01
  1.7494396e+00
  2.7732093e-02
  6.7576718e-01
 -7.9550362e-01
 -1.0709408e-01
 -5.6017231e-04
  6.1202574e-01
  1.3610872e+00
  1.8186815e-01
 -3.0748925e-01
  5.8582067e-02
 -3.9294418e-02
  4.2120180e-01
  3.3237776e-01
 -1.1550376e+00
  1.1087484e+00
  3.0762877e-02
 -9.2209578e-03
 -5.4323036e-02
 -7.4679708e-01
 -5.0815338e-01
 -8.9478457e-01
 -7.2232813e-02
  6.9215766e-04
  2.6243422e-04
 -2.4049079e-01
 -2.4017864e-03
  6.1928877e-04
 -1.3497216e+00
  5.0914305e-01
  3.0162170e+00
  2.0853420e-01
  1.1445709e-03
  4.2302869e-04
 -1.1994954e-02
 -4.1569722e-01
 -1.0606850e-04
 -8.5377239e-04
  8.5823560e-01
 -9.9293792e-01
  9.2466694e-01
  2.6350920e-03
 -2.0646864e-04
  5.8536047e-01
 -2.5463561e-03
  3.4505343e-01
  2.6537400e-01
  3.1338774e-02
 -7.3082918e-01
  5.6176859e-01
  1.4783200e+00
 -1.1496122e+00
 -1.4253968e-01
 -5.6372833e-04
 -1.8132555e-04
 -8.9291617e-04
 -1.5007918e-04
  1.0880647e+00
  5.3791258e-02
  4.7772340e-04
  4.9682170e-02
  1.5195247e-04
  6.1615124e-06
 -5.8094953e-04
 -2.7239401e-04
 -1.0477260e-03
  8.0629410e-03
 -2.4596168e-01
  3.4267225e-03
  2.7806049e-03
  3.5461837e-03
  1.0263348e-03
 -1.7765361e-04
 -2.0572324e-03
 -9.8472438e-04
  2.9414878e-04
 -8.8844933e-03
  8.9859840e-04
 -3.4901203e-04
 -2.8426984e-01
  2.9027170e-02
  2.2916673e-02
  7.0311376e-05
  9.8557517e-05
  5.1569135e-04
 -5.5760881e-03
 -1.8193770e-03
 -6.7871565e-01
  6.3408422e-01
 -4.8969439e-01
 -2.6939025e-03
  7.2295558e-01
  4.4052638e-02
  3.5856971e-01
 -7.7854365e-04
  7.7982194e-04
  1.1086720e+00
 -1.4363467e+00
 -2.7992213e-01
  4.6173134e-03
 -8.2843029e-01
  5.4694360e-01
  1.0666974e-03
 -9.2572498e-01
 -2.6349813e-01
  2.9965123e-04
 -1.3619207e-01
 -6.1687343e-02
 -7.3951584e-01
 -3.6212263e-01
  1.8123497e-01
  7.0578200e-01
  2.3845294e-04
  9.2010986e-04
 -5.4785394e-04
 -2.9651436e-01
 -4.4732705e-01
  3.7580545e-03
  3.4201235e-02
  4.4371287e-04
  1.3938936e-03
 -1.5052023e-03
  7.7898422e-04
  1.1103174e-03
 -5.2481896e-04
 -1.9308086e-03
  1.9010612e-03
 -3.0249699e-03
 -3.2698124e-05
  2.5788387e-03
 -7.6904584e-04
  6.7949260e-04
  7.0305337e-04
  5.0036114e-04
 -2.2746837e-01
  2.3020497e-04
  7.6983313e-05
  4.8864214e-04
  7.0379446e-03
 -3.9293602e-02
  6.2410058e-03
 -1.9109690e-03
 -1.6692202e-03
  2.0652569e-03
 -5.6517736e-05
 -5.2363740e-04
  6.6784571e-04
  7.7595323e-01
  2.6017278e-01
  7.6318765e-01
  6.8319732e-01
  2.2848099e-01
  1.7214703e-04
 -5.0574243e-01
 -2.7715045e-01
  1.7896674e+00
  8.9814478e-01
 -3.7264068e-05
 -9.2366588e-04
 -5.0021719e-02
 -2.3034361e-01
  8.1238747e-01
  4.9927330e-01
 -1.0613039e-01
 -2.7239144e-01
  4.9920063e-02
 -5.9774780e-01
  6.9432789e-01
 -4.6271518e-01
 -3.6961827e-02
  1.6642903e-04
  1.7330288e-04
  1.3946469e+00
  8.7592536e-01
  5.3815980e-02
 -9.5243055e-01
  5.1963681e-01
  3.1020718e+00
 -6.4755321e-01
  9.6295911e-01
  6.6282731e-01
 -8.6925364e-01
 -8.1281825e-05
 -1.0419277e+00
  3.5791156e-01
  6.1352074e-01
 -1.6789690e+00
  1.6470073e-03
 -7.3963281e-05
  8.6593233e-02
  1.8915956e+00
 -1.1392460e+00
  8.6756921e-01
  3.8761097e-01
  5.9475684e-01
 -1.6662050e+00
  1.7207294e+00
  1.0478302e+00
 -9.2988288e-01
 -1.5617883e+00
 -5.6830375e-04
 -1.2206265e-03
  1.6043949e+00
 -7.1442270e-01
 -3.4935310e-01
 -8.6438268e-01
 -3.9182389e-01
  1.1859164e+00
 -6.1377668e-01
 -3.6032023e+00
 -2.5003066e+00
  3.9250946e-01
  1.4352288e+00
  1.9674773e+00
 -6.3502580e-02
 -5.2518696e-01
 -2.2491579e+00
 -8.2963809e-02
 -5.4427177e-02
 -4.3861887e-01
 -2.0696281e-01
 -1.9796202e-01
 -5.3387564e-01
 -5.6387957e-02
 -2.3385696e-03
 -1.9029401e-01
 -1.8083040e-01
 -6.4424098e-02
  4.9467359e-02
 -3.7304536e-03
  8.1382543e-01
  3.4827080e+00
  1.1453854e+00
 -1.1454422e+00
 -1.7170209e+00
 -1.0256970e+00
  2.4115982e+00
 -1.6103401e+00
 -1.6265048e-01
  8.2092226e-01
 -1.0716566e+00
 -1.8735229e+00
  1.4628795e+00
 -1.2936018e-01
 -2.5574645e-01
  2.0969728e-01
 -4.3623608e-01
  1.1727002e-02
  1.1419327e+00
 -6.2658340e-02
 -9.3018949e-01
 -5.4722214e-01
 -1.0656605e+00
 -5.8789819e-02
 -9.2263514e-01
  8.6766863e-01
  4.2113054e-01
  4.6145734e-01
  2.6006804e+00
  2.9327679e-01
  5.0645524e-01
 -4.1958034e-01
 -3.0983520e-01
 -9.3758446e-01
 -5.9919882e-01
 -3.8758066e-01
 -3.6222661e-01
 -1.6005133e+00
 -1.1174066e-01
 -4.9491338e-02
  1.2650369e+00
 -4.8005888e-01
  2.6124086e+00
 -1.8046238e-01
  4.7446963e-01
  3.2777544e-03
 -4.1116863e-01
 -5.9185946e-01
 -1.5139995e-02
 -5.5707908e-01
 -3.4308121e-01
  7.8238353e-02
  6.0238779e-01
 -7.6239169e-02
 -1.4769956e+00
  6.3635397e-01
  2.0448980e-01
  1.4800293e+00
 -1.4903413e-01
 -6.4474420e-04
 -1.5101440e-01
 -4.5335636e-02
  7.5008810e-02
 -8.2283515e-01
  2.1676280e-01
  2.5515056e-01
 -1.1278285e+00
 -2.0829499e-01
 -2.9794963e-03
  2.4799717e-04
  1.7975277e-03
  1.0561509e-01
  3.5021398e-02
  1.3759462e+00
  8.2086754e-04
 -6.7585319e-02
 -6.6391301e-01
  2.1634211e-03
  1.2489579e-03
  9.2124315e-03
 -5.0158393e-01
  1.0797467e+00
 -2.2770019e+00
  1.6589565e-02
 -5.6881387e-02
 -5.3551900e-01
 -2.5174590e-03
 -2.8262064e-03
 -9.4444705e-03
 -3.3088073e-02
  7.9287040e-01
  1.6343946e+00
 -4.6087481e-02
 -1.5899178e+00
 -6.4583820e-01
  1.9038075e-03
  2.7808366e-05
 -6.7653978e-04
 -1.5726866e-01
 -6.2163055e-02
  2.2554967e+00
 -1.8747774e-01
  5.8758503e-01
 -1.0608114e+00
  4.3692777e-05
  6.7346012e-03
 -2.3414307e-04
 -4.6209657e-01
 -1.6096066e+00
 -1.5152971e+00
  3.4865573e-01
 -1.1512460e+00
 -3.6000210e-01
 -1.5702305e-03
  1.5941107e-03
 -8.8568573e-04
 -7.9623878e-01
 -1.0201390e-01
 -1.4521793e+00
 -6.4454240e-01
 -3.2145046e-02
 -4.2630172e-01
 -3.3517550e-03
  5.8505050e-04
 -1.2372347e-03
  1.2784091e+00
  5.7405543e-01
  5.7524824e-01
  1.4083616e-01
  7.0656145e-01
 -7.7457321e-01
  3.7960979e-04
 -1.1223294e-04
  9.7731885e-04
  3.6685564e-02
 -1.1943461e+00
 -6.2209535e-01
  6.1071181e-01
 -9.9355078e-01
 -2.8006020e-01
  6.0098863e-01
 -2.3422692e+00
  1.7321525e+00
  1.1534975e-01
  1.5041279e+00
  1.8936737e-01
  1.1075933e+00
  9.2093784e-01
  4.6908230e-02
  2.4893610e-01
 -1.1309739e+00
  3.3412859e-01
  1.2856039e-01
  1.2312471e-01
  7.0960253e-01
  1.1459574e-04
 -1.6806273e-01
 -2.3310026e-03
  1.1736107e-01
  1.6470085e-01
  1.5590563e-01
 -2.5151946e-04
  5.2289590e-02
 -2.1317680e-01
 -1.0909241e+00
 -6.5189725e-01
  8.3546311e-01
  9.5306849e-01
 -2.6019142e+00
  1.2619282e+00
 -3.0366281e-01
 -1.5035198e+00
  1.2461221e+00
  3.3820394e-01
  5.2952123e-01
 -4.9902827e-02
  2.2751106e-01
 -3.8955491e+00
  3.1164074e-02
 -5.0439906e-01
 -1.4451502e-02
  1.2220670e+00
  7.3006183e-01
 -7.6535654e-01
  2.1229427e-01
  1.9135188e-01
  1.7808072e-02
  8.7677133e-01
  3.9904774e-03
  1.7395092e+00
 -2.1952629e-01
 -1.6111124e-01
  1.4314607e+00
 -6.1550690e-03
  1.4498315e+00
 -1.7617859e+00
  1.0701092e+00
  7.2054833e-01
 -1.7213596e+00
  2.1676722e-03
  9.0761143e-01
  2.1022985e+00
  5.6511295e-01
  7.0515132e-01
 -8.9590877e-01
  2.9646844e-01
 -8.1318736e-01
  5.7984117e-02
  1.4050101e+00
  7.8296739e-01
 -1.1590428e+00
 -1.8944601e+00
  2.4234433e-01
 -8.6274868e-01
  2.5267380e-01
  1.0303876e+00
  4.8944834e-01
  1.6798433e+00
 -7.7841595e-02
 -4.7321413e-02
  3.9355305e-01
  1.0674328e+00
 -1.7663856e-01
 -1.3423739e-01
 -6.6778052e-01
  1.0050457e+00
 -8.1761801e-01
  1.4776168e+00
 -4.2472992e-02
  2.6174710e+00
  1.1868691e-03
  1.9255886e-03
 -1.6632660e-03
 -3.8888344e-01
 -6.3240272e-03
 -7.9007083e-01
  3.6221373e-04
  2.1821198e+00
  1.0928521e+00
  1.9671159e-02
 -3.1783783e-01
 -3.9796448e-01
  1.0477050e-01
 -1.7614744e+00
  2.0375866e-01
  1.9535968e+00
 -9.1311626e-02
  1.4307274e+00
  7.5346494e-01
 -2.9532018e-01
 -2.5710949e-01
 -9.5360406e-02
  1.3002399e+00
 -3.0684021e+00
 -1.1085855e+00
 -1.1933981e+00
  4.1165524e+00
  2.1347366e-03
 -1.5749840e-01
  7.0090435e-02
 -7.7424866e-01
  3.2960254e-01
 -2.9346433e+00
  1.5369155e+00
 -5.6193113e-01
  1.3262938e+00
  6.2060094e-01
 -8.8832790e-01
 -9.1790013e-02
  5.8340651e-01
  9.3950868e-01
 -4.3747494e-01
  3.6937166e-02
 -4.4431987e-01
  9.5509636e-01
  4.2727828e-01
 -4.8243525e-03
 -3.6264414e-01
 -7.0698495e-04
 -1.1493798e+00
 -2.2883756e-01
  1.1218847e+00
 -8.7477392e-01
  7.6511312e-01
 -3.9119828e-03
 -4.0182891e-01
  9.5967384e-04
 -7.3572248e-01
  4.0981862e-01
  9.5126110e-01
  1.7116674e+00
 -7.3073823e-03
  2.2605891e+00
  9.0045542e-01
 -8.3976555e-01
  1.3392653e-01
 -1.5319933e-01
 -2.1220702e-01
 -2.4152460e+00
  8.9821756e-01
 -9.6477050e-01
 -6.0686076e-01
  6.2902225e-04
 -2.0658860e-03
  2.2515879e-04
 -5.1601046e-01
 -2.0198317e+00
 -6.7818213e-01
 -8.6860033e-03
  1.0894313e+00
  6.4219517e-01
 -8.5199298e-03
  9.8614010e-04
 -2.9262474e-03
 -4.1496947e-01
 -1.2126910e-01
 -1.3196705e-01
 -1.3044821e-04
  3.2015273e-01
  4.2873700e-03
 -9.7766321e-04
  9.0031624e-03
 -2.5326770e-02
 -7.9778957e-01
 -7.6867867e-01
  3.2358110e-01
 -1.6809447e-01
  1.6117051e+00
 -7.6724553e-01
 -3.1701007e-01
  2.6340052e-03
 -5.0881080e-04
 -8.4773165e-01
  4.2542270e-01
 -3.3738232e+00
  1.0661016e+00
  1.7241725e-01
 -1.1107583e-02
  5.5334618e-04
 -2.7101110e-03
 -1.4323855e-03
  7.3542111e-02
  8.9886773e-01
 -2.3189409e+00
 -8.5280044e-05
  7.4836515e-02
  1.0264007e+00
  2.2569314e-02
 -2.6131340e-04
 -1.5833716e-04
  1.8645861e+00
 -1.4706557e+00
  5.6652284e-01
 -4.6274483e-01
 -4.2751554e-01
 -1.1240103e+00
 -6.7292924e-05
  1.7438600e-03
 -4.5913301e-04
 -2.1319142e-01
 -2.2596240e+00
 -4.4986837e-02
 -2.1155746e-04
  3.5112000e-01
 -1.6646041e-02
  1.2675527e-04
 -3.4835874e-03
  1.0913647e-03
 -1.9909419e-02
  1.2731960e+00
 -1.0802351e+00
  4.0485881e-02
 -9.3358135e-01
  3.1170037e-01
 -3.2750529e-03
  1.1735150e-03
 -1.4611083e-02
  3.0664584e-01
  2.2211251e+00
  2.7161843e-01
 -5.2483764e-04
  9.9314628e-03
 -1.9961028e+00
  6.0604163e-02
  2.8258283e+00
 -2.2982304e-01
 -2.2735256e-01
  2.6959238e+00
  9.2297189e-02
 -3.8950104e-01
  1.4598221e+00
 -2.9458907e-01
 -1.4327414e-03
  7.0374447e-01
  9.0646453e-02
 -5.4542992e-02
  2.9535861e+00
  3.1450963e-01
 -5.5030197e-01
  2.0399745e+00
 -1.2029634e+00
  2.4136454e-01
  8.0983430e-02
 -1.6548988e-01
 -7.2892684e-01
 -1.8856679e+00
 -3.4931612e-01
  2.6478115e-01
 -1.0813344e-01
  2.0537980e+00
 -1.8388629e-01
  1.6822557e+00
 -8.0498582e-01
  3.1857377e-01
 -9.5688200e-01
  2.5902648e+00
  3.3687317e-01
 -1.1701845e+00
 -1.7632093e+00
 -1.7505748e-05
  7.3951203e-01
  5.7649821e-01
 -6.3062876e-02
  5.7262106e+00
 -4.3392599e-01
  1.7022913e-03
  1.9782491e+00
 -2.2050195e+00
  1.7399494e-02
 -1.9730872e+00
  9.4151892e-02
  4.4698869e-03
  2.1174721e-01
 -3.1937149e+00
  4.0507451e-01
  2.3838289e+00
  1.3526720e-01
 -3.0342225e-02
 -1.1089510e+00
 -7.6684833e-01
 -9.0090513e-01
 -1.2856746e+00
 -1.1972942e+00
 -3.2021093e-01
 -1.1203041e+00
  1.3770744e-01
  4.4419131e-01
  4.9714204e-02
  6.8565685e-01
 -4.7556505e-01
 -2.5988355e-01
  9.0394920e-01
  2.0936926e-01
 -3.0046618e+00
 -2.2007194e-01
  4.8529565e-02
  5.4049402e-01
  2.1865116e-01
  8.0127083e-02
  1.7395217e+00
  1.9053179e-01
  8.0707781e-02
 -1.8769205e+00
 -1.2254381e+00
 -8.0503855e-04
 -5.8170338e-04
 -1.0434299e+00
 -6.8850046e-01
 -6.6281646e-01
 -1.2558768e+00
 -8.3499378e-01
  1.1732340e+00
 -1.7913983e+00
  3.2642272e-03
 -1.8052701e-03
  1.1642225e-03
  1.5033457e-01
 -1.7610388e+00
 -4.2110604e-01
 -3.3372452e-03
  1.8638893e+00
  3.3360941e-03
 -6.8386958e-04
 -7.7877822e-04
 -1.2220906e-03
  1.0092986e+00
  1.7817725e+00
  4.0232482e+00
 -4.4244677e-01
 -3.0578189e+00
  1.7039531e+00
 -1.0918659e-03
 -4.3751178e-03
  4.9069796e-02
  1.0768882e+00
 -6.9804215e-01
 -1.0295902e+00
 -4.9376643e-01
 -9.6783924e-01
  1.5601264e+00
  2.3767636e-03
 -4.8966478e-03
  2.6057623e-03
  4.7936165e-01
 -3.7620924e+00
 -2.8118093e+00
  2.8589848e-01
  1.7042145e+00
  6.0238810e-03
 -4.1468656e-03
 -1.9947540e-03
 -4.2955944e-04
 -2.8292811e-01
  1.8533140e-01
 -1.4352696e-01
  3.7254018e-01
  6.6284841e-01
 -6.8701136e-01
  3.3195568e-03
 -4.3148999e-03
 -9.8101608e-04
 -1.7039546e-01
  1.0590023e+00
  8.6392581e-01
 -4.7543120e-02
 -1.7240331e-01
 -2.4190791e+00
  9.9631096e-04
  1.1018348e-03
 -3.0919831e-04
 -1.5788564e-01
  4.3675527e-01
  3.9693168e-01
 -1.6508949e-01
 -1.6555597e-01
 -1.8913718e+00
 -1.6714983e-03
  3.0477315e-05
 -3.4234658e-04
 -2.6440623e-01
 -9.5240593e-01
 -6.3464355e-01
  3.9545918e-01
  6.6428810e-01
 -9.0507984e-01
 -8.3208397e-02
  2.4566243e+00
 -2.5643989e-01
  2.1016286e-01
 -5.1435953e-01
 -1.0738614e+00
  1.0359750e+00
  6.9881779e-01
 -1.3234465e+00
 -4.0209040e-02
  2.3252890e+00
 -1.1312628e-01
  1.7290498e-03
 -1.3302710e+00
 -1.4245108e+00
  2.2989446e-01
  2.4639194e+00
  2.1290244e-04
 -2.0237584e-01
 -1.4642309e+00
  3.1826544e-01
  6.8513697e-01
 -9.1129512e-04
  7.7104723e-01
 -2.5236687e-01
 -1.3748441e+00
 -1.6909709e+00
 -4.6515979e-02
 -7.5229901e-01
 -1.0710336e+00
  8.6731112e-01
  1.3301984e+00
 -4.5576078e-01
 -1.1478555e+00
  1.4284823e+00
 -5.6932944e-01
 -3.7133950e-01
  1.9710479e+00
 -3.7437779e-01
  1.1142247e+00
 -2.8877950e-01
 -5.2099651e-01
  2.9574233e-01
 -2.2016314e-01
 -1.0579233e+00
 -5.2538651e-01
  1.5337455e+00
  4.2297199e-01
 -1.2280409e-04
 -4.6236906e+00
  6.6019386e-01
 -3.1778973e-01
 -1.6499059e+00
 -1.1928379e-02
 -3.2147579e-02
  1.8463835e-01
  1.7105436e-01
  5.8327228e-01
 -1.1417065e+00
 -2.1513429e+00
 -4.4145349e-01
 -1.4276172e-01
  2.5871211e-01
 -6.9619364e-01
 -1.1786183e+00
 -9.5919061e-01
  5.9633327e-01
  1.6477007e+00
 -5.9568089e-01
 -3.3410913e-01
  1.4825261e+00
  1.8210325e+00
  1.2761901e-01
  1.2195676e-01
 -8.2535768e-01
 -9.1428168e-02
  8.7395802e-02
 -7.4538201e-01
  4.7787654e-01
  4.1350508e-01
  1.6303514e-01
  1.3477554e+00
  7.1927452e-01
  2.6724086e+00
  4.1379121e-01
  1.2559011e+00
  1.5522825e+00
  2.4190861e-01
 -1.7415929e+00
 -5.0695336e-01
  5.5409789e-02
  4.6152335e-01
  6.7049366e-01
  1.2923969e-01
  6.3534185e-02
  1.1993644e+00
  1.1703593e+00
 -3.1469221e+00
  1.9028655e-01
  2.3075739e-04
  5.5647854e-02
  2.6932957e-02
  7.2375922e-03
  8.7919599e-01
 -2.4295123e-01
 -6.5151477e-01
  3.0680945e+00
  9.3239212e-01
  1.1958194e+00
  5.3888506e-01
  1.3563493e+00
  1.1066625e+00
 -1.5121868e-02
  9.5711797e-01
 -1.3259051e+00
  8.4013498e-01
 -1.1609975e+00
 -1.1240167e-03
  6.2863958e-01
  4.5904356e-01
  7.1270391e-03
 -1.5356222e+00
  1.9063286e-01
  1.5242561e+00
 -2.4529941e+00
 -6.6086306e-04
  2.2294855e-01
  1.4873680e-02
  1.3465580e+00
 -1.2538218e-01
 -3.9119643e-01
 -1.6025259e-01
 -1.6175397e-01
 -2.4612148e+00
 -2.4974716e-01
  3.3031836e-01
  8.0270147e-01
  3.9967242e-01
  4.4660440e-01
 -2.6153773e-01
 -1.8415521e-01
  2.3782051e-01
 -4.2943370e-01
  7.7397245e-01
  2.0588249e-02
  8.9862451e-02
  2.0724056e+00
  6.7054778e-01
  5.2819824e-01
  1.7723466e+00
  2.9537860e-01
  1.6443472e+00
 -1.6850632e-01
  2.8577897e-01
  4.8911411e-01
  9.9554783e-01
  6.9584392e-02
  2.6126191e-01
  6.1422032e-01
  8.6720181e-01
  8.7457538e-01
  4.3899590e-01
 -4.1528609e-01
 -3.3332747e-01
  1.0481718e+00
 -1.4289266e+00
 -2.4900755e-01
 -2.3182571e-01
  1.0665921e+00
 -2.9594306e-02
  3.3844939e-01
  3.0060243e-04
 -8.7286228e-01
 -5.9549701e-03
  1.9569255e-01
 -8.3368667e-04
  8.8348806e-01
 -5.9725915e-04
 -4.2170328e-01
  7.7208206e-02
 -6.0698634e-04
 -8.1444639e-01
 -5.0865766e-03
 -2.6289558e-01
 -4.5369640e-02
 -2.1149654e-02
  6.9234353e-01
  7.3446417e-01
 -8.9353240e-01
 -2.3136193e-01
 -1.8718517e+00
 -2.2574262e-01
  1.7774538e+00
 -1.0005323e-03
  2.4163244e+00
 -9.5931184e-01
 -7.8191477e-01
 -6.2656015e-01
 -1.5060754e-03
  9.0575919e-02
 -1.1519776e-01
  9.0913695e-01
  3.3520401e-01
 -9.0361375e-01
  2.1912908e-02
 -2.5612473e+00
  1.6532855e+00
  2.8573754e-01
  6.0619497e-01
  1.4089613e+00
 -5.0476979e-02
  9.1893655e-01
 -2.3269098e+00
 -6.7149591e-01
  9.4747347e-01
 -1.4006646e+00
  1.6728513e+00
 -1.5512605e+00
 -2.3680112e-01
  1.0043381e-01
 -3.1587067e-01
  3.1085646e-01
  1.5830682e-01
  9.2347622e-01
 -8.2071120e-01
  7.8170592e-01
 -1.6650901e+00
 -1.8327512e+00
  4.1062459e-01
 -6.3518697e-01
  2.5137067e+00
 -2.2208331e-02
 -4.3783382e-01
  2.6613617e+00
  2.0142989e-01
 -2.7955744e-01
 -1.2021446e+00
  4.5933321e-02
 -5.4674613e-01
  6.9521350e-01
 -4.4560349e-01
 -3.8921979e-01
 -4.3743547e-02
  1.7285565e-02
  1.7285565e-02
  1.7285565e-02
  1.7285565e-02
  1.7285565e-02
  1.4612576e-02
  1.4612576e-02
  1.4612576e-02
  1.4612576e-02
  1.4612576e-02
  1.3786383e-02
  1.3786383e-02
  1.3786383e-02
  1.3786383e-02
  1.3786383e-02
  1.1030676e-02
  1.1030676e-02
  1.1030676e-02
  1.1030676e-02
  1.1030676e-02
  5.9240083e-03
  5.9240083e-03
  5.9240083e-03
  5.9240083e-03
  5.9240083e-03
  4.0260404e-03
  4.0260404e-03
  4.0260404e-03
  4.0260404e-03
  4.0260404e-03
